# Created by Octave 5.1.0, Fri Jul 03 12:39:56 2020 GMT <unknown@PROMLIN-ING-1>
# name: krive
# type: cell
# rows: 1
# columns: 1
# name: <cell-element>
# type: matrix
# rows: 15
# columns: 2
 0.17811968792272595 0.054123892569616264
 5.7073312728223424 0.76708542835761917
 10.709764186364753 1.4803371004190071
 15.974981985016221 2.4137538479309382
 20.889014002762895 3.3473640196251235
 27.469365128098733 4.9409858572152991
 34.225460256529367 6.4794334468175414
 40.278579372580865 8.2385780283715242
 45.981268270939474 9.7225283546237176
 52.210131390085749 11.426498688189763
 58.43793672073533 13.516011773033471
 64.315614058976806 15.22017553078177
 70.807110950589745 17.199388475695162
 75.01756250538773 18.574005782928324
 79.84198472619957 20.168594741429771





# name: x1v
# type: scalar
100


# name: y1v
# type: scalar
32


