# Created by Octave 5.1.0, Fri Jul 03 15:43:25 2020 GMT <unknown@PROMLIN-ING-1>
# name: h_ami
# type: matrix
# rows: 1
# columns: 1001
 0 0.013928935204653657 0.027857870409307314 0.041786805613960969 0.055715740818614627 0.069644676023268279 0.083573611227921937 0.097502546432575596 0.11143148163722925 0.1253604168418829 0.13928935204653656 0.15321828725119022 0.16714722245584387 0.18107615766049753 0.19500509286515119 0.20893402806980485 0.22286296327445851 0.23679189847911217 0.2507208336837658 0.26464976888841946 0.27857870409307312 0.29250763929772677 0.30643657450238043 0.32036550970703409 0.33429444491168775 0.34822338011634141 0.36215231532099507 0.37608125052564872 0.39001018573030238 0.40393912093495604 0.4178680561396097 0.43179699134426336 0.44572592654891702 0.45965486175357068 0.47358379695822433 0.48751273216287799 0.5014416673675316 0.51537060257218525 0.52929953777683891 0.54322847298149257 0.55715740818614623 0.57108634339079989 0.58501527859545355 0.59894421380010721 0.61287314900476086 0.62680208420941452 0.64073101941406818 0.65465995461872184 0.6685888898233755 0.68251782502802916 0.69644676023268282 0.71037569543733647 0.72430463064199013 0.73823356584664379 0.75216250105129745 0.76609143625595111 0.78002037146060477 0.79394930666525843 0.80787824186991208 0.82180717707456574 0.8357361122792194 0.84966504748387306 0.86359398268852672 0.87752291789318038 0.89145185309783403 0.90538078830248769 0.91930972350714135 0.93323865871179501 0.94716759391644867 0.96109652912110233 0.97502546432575599 0.98895439953040964 1.0028833347350632 1.0168122699397169 1.0307412051443705 1.0446701403490242 1.0585990755536778 1.0725280107583315 1.0864569459629851 1.1003858811676388 1.1143148163722925 1.1282437515769461 1.1421726867815998 1.1561016219862534 1.1700305571909071 1.1839594923955608 1.1978884276002144 1.2118173628048681 1.2257462980095217 1.2396752332141754 1.253604168418829 1.2675331036234827 1.2814620388281364 1.29539097403279 1.3093199092374437 1.3232488444420973 1.337177779646751 1.3511067148514047 1.3650356500560583 1.378964585260712 1.3928935204653656 1.4068224556700193 1.4207513908746729 1.4346803260793266 1.4486092612839803 1.4625381964886339 1.4764671316932876 1.4903960668979412 1.5043250021025949 1.5182539373072486 1.5321828725119022 1.5461118077165559 1.5600407429212095 1.5739696781258632 1.5878986133305169 1.6018275485351705 1.6157564837398242 1.6296854189444778 1.6436143541491315 1.6575432893537851 1.6714722245584388 1.6854011597630925 1.6993300949677461 1.7132590301723998 1.7271879653770534 1.7411169005817071 1.7550458357863608 1.7689747709910144 1.7829037061956681 1.7968326414003217 1.8107615766049754 1.824690511809629 1.8386194470142827 1.8525483822189364 1.86647731742359 1.8804062526282437 1.8943351878328973 1.908264123037551 1.9221930582422047 1.9361219934468583 1.950050928651512 1.9639798638561656 1.9779087990608193 1.9918377342654729 2.0057666694701264 2.01969560467478 2.0336245398794337 2.0475534750840874 2.061482410288741 2.0754113454933947 2.0893402806980483 2.103269215902702 2.1171981511073557 2.1311270863120093 2.145056021516663 2.1589849567213166 2.1729138919259703 2.1868428271306239 2.2007717623352776 2.2147006975399313 2.2286296327445849 2.2425585679492386 2.2564875031538922 2.2704164383585459 2.2843453735631996 2.2982743087678532 2.3122032439725069 2.3261321791771605 2.3400611143818142 2.3539900495864678 2.3679189847911215 2.3818479199957752 2.3957768552004288 2.4097057904050825 2.4236347256097361 2.4375636608143898 2.4514925960190435 2.4654215312236971 2.4793504664283508 2.4932794016330044 2.5072083368376581 2.5211372720423117 2.5350662072469654 2.5489951424516191 2.5629240776562727 2.5768530128609264 2.59078194806558 2.6047108832702337 2.6186398184748874 2.632568753679541 2.6464976888841947 2.6604266240888483 2.674355559293502 2.6882844944981557 2.7022134297028093 2.716142364907463 2.7300713001121166 2.7440002353167703 2.7579291705214239 2.7718581057260776 2.7857870409307313 2.7997159761353849 2.8136449113400386 2.8275738465446922 2.8415027817493459 2.8554317169539996 2.8693606521586532 2.8832895873633069 2.8972185225679605 2.9111474577726142 2.9250763929772678 2.9390053281819215 2.9529342633865752 2.9668631985912288 2.9807921337958825 2.9947210690005361 3.0086500042051898 3.0225789394098435 3.0365078746144971 3.0504368098191508 3.0643657450238044 3.0782946802284581 3.0922236154331117 3.1061525506377654 3.1200814858424191 3.1340104210470727 3.1479393562517264 3.16186829145638 3.1757972266610337 3.1897261618656874 3.203655097070341 3.2175840322749947 3.2315129674796483 3.245441902684302 3.2593708378889557 3.2732997730936093 3.287228708298263 3.3011576435029166 3.3150865787075703 3.3290155139122239 3.3429444491168776 3.3568733843215313 3.3708023195261849 3.3847312547308386 3.3986601899354922 3.4125891251401459 3.4265180603447996 3.4404469955494532 3.4543759307541069 3.4683048659587605 3.4822338011634142 3.4961627363680678 3.5100916715727215 3.5240206067773752 3.5379495419820288 3.5518784771866825 3.5658074123913361 3.5797363475959898 3.5936652828006435 3.6075942180052971 3.6215231532099508 3.6354520884146044 3.6493810236192581 3.6633099588239117 3.6772388940285654 3.6911678292332191 3.7050967644378727 3.7190256996425264 3.73295463484718 3.7468835700518337 3.7608125052564874 3.774741440461141 3.7886703756657947 3.8025993108704483 3.816528246075102 3.8304571812797557 3.8443861164844093 3.858315051689063 3.8722439868937166 3.8861729220983703 3.9001018573030239 3.9140307925076776 3.9279597277123313 3.9418886629169849 3.9558175981216386 3.9697465333262922 3.9836754685309459 3.9976044037355996 4.0115333389402528 4.0254622741449069 4.0393912093495601 4.0533201445542142 4.0672490797588674 4.0811780149635215 4.0951069501681747 4.1090358853728288 4.122964820577482 4.1368937557821361 4.1508226909867894 4.1647516261914435 4.1786805613960967 4.1926094966007508 4.206538431805404 4.2204673670100581 4.2343963022147113 4.2483252374193654 4.2622541726240186 4.2761831078286727 4.2901120430333259 4.30404097823798 4.3179699134426333 4.3318988486472874 4.3458277838519406 4.3597567190565947 4.3736856542612479 4.387614589465902 4.4015435246705552 4.4154724598752093 4.4294013950798625 4.4433303302845166 4.4572592654891698 4.4711882006938239 4.4851171358984772 4.4990460711031313 4.5129750063077845 4.5269039415124386 4.5408328767170918 4.5547618119217459 4.5686907471263991 4.5826196823310532 4.5965486175357064 4.6104775527403605 4.6244064879450137 4.6383354231496678 4.6522643583543211 4.6661932935589752 4.6801222287636284 4.6940511639682825 4.7079800991729357 4.7219090343775898 4.735837969582243 4.7497669047868971 4.7636958399915503 4.7776247751962044 4.7915537104008576 4.8054826456055117 4.819411580810165 4.8333405160148191 4.8472694512194723 4.8611983864241264 4.8751273216287796 4.8890562568334337 4.9029851920380869 4.916914127242741 4.9308430624473942 4.9447719976520483 4.9587009328567015 4.9726298680613557 4.9865588032660089 5.000487738470663 5.0144166736753162 5.0283456088799703 5.0422745440846235 5.0562034792892776 5.0701324144939308 5.0840613496985849 5.0979902849032381 5.1119192201078922 5.1258481553125455 5.1397770905171996 5.1537060257218528 5.1676349609265069 5.1815638961311601 5.1954928313358142 5.2094217665404674 5.2233507017451215 5.2372796369497747 5.2512085721544288 5.265137507359082 5.2790664425637361 5.2929953777683894 5.3069243129730435 5.3208532481776967 5.3347821833823508 5.348711118587004 5.3626400537916581 5.3765689889963113 5.3904979242009654 5.4044268594056186 5.4183557946102727 5.4322847298149259 5.44621366501958 5.4601426002242333 5.4740715354288874 5.4880004706335406 5.5019294058381947 5.5158583410428479 5.529787276247502 5.5437162114521552 5.5576451466568093 5.5715740818614625 5.5855030170661166 5.5994319522707698 5.6133608874754239 5.6272898226800772 5.6412187578847313 5.6551476930893845 5.6690766282940386 5.6830055634986918 5.6969344987033459 5.7108634339079991 5.7247923691126532 5.7387213043173064 